120 6
0.50 0.00 0.15 0.02 0.77 0.96 
0.00 0.00 0.15 0.02 0.77 0.96 
0.40 0.29 0.15 0.02 0.77 0.96 
0.40 0.29 0.15 0.02 0.77 0.96 
0.00 0.00 0.15 0.02 0.77 0.96 
0.15 0.48 0.15 0.02 0.77 0.96 
0.15 0.48 0.15 0.02 0.77 0.96 
0.00 0.00 0.15 0.02 0.77 0.96 
-0.15 0.48 0.15 0.02 0.77 0.96 
-0.15 0.48 0.15 0.02 0.77 0.96 
0.00 0.00 0.15 0.02 0.77 0.96 
-0.40 0.29 0.15 0.02 0.77 0.96 
-0.40 0.29 0.15 0.02 0.77 0.96 
0.00 0.00 0.15 0.02 0.77 0.96 
-0.50 0.00 0.15 0.02 0.77 0.96 
-0.50 0.00 0.15 0.02 0.77 0.96 
0.00 0.00 0.15 0.02 0.77 0.96 
-0.40 -0.29 0.15 0.02 0.77 0.96 
-0.40 -0.29 0.15 0.02 0.77 0.96 
0.00 0.00 0.15 0.02 0.77 0.96 
-0.15 -0.48 0.15 0.02 0.77 0.96 
-0.15 -0.48 0.15 0.02 0.77 0.96 
0.00 0.00 0.15 0.02 0.77 0.96 
0.15 -0.48 0.15 0.02 0.77 0.96 
0.15 -0.48 0.15 0.02 0.77 0.96 
0.00 0.00 0.15 0.02 0.77 0.96 
0.40 -0.29 0.15 0.02 0.77 0.96 
0.40 -0.29 0.15 0.02 0.77 0.96 
0.00 0.00 0.15 0.02 0.77 0.96 
0.50 0.00 0.15 0.02 0.77 0.96 
0.50 0.00 -0.15 0.02 0.77 0.96 
0.00 0.00 -0.15 0.02 0.77 0.96 
0.40 0.29 -0.15 0.02 0.77 0.96 
0.40 0.29 -0.15 0.02 0.77 0.96 
0.00 0.00 -0.15 0.02 0.77 0.96 
0.15 0.48 -0.15 0.02 0.77 0.96 
0.15 0.48 -0.15 0.02 0.77 0.96 
0.00 0.00 -0.15 0.02 0.77 0.96 
-0.15 0.48 -0.15 0.02 0.77 0.96 
-0.15 0.48 -0.15 0.02 0.77 0.96 
0.00 0.00 -0.15 0.02 0.77 0.96 
-0.40 0.29 -0.15 0.02 0.77 0.96 
-0.40 0.29 -0.15 0.02 0.77 0.96 
0.00 0.00 -0.15 0.02 0.77 0.96 
-0.50 0.00 -0.15 0.02 0.77 0.96 
-0.50 0.00 -0.15 0.02 0.77 0.96 
0.00 0.00 -0.15 0.02 0.77 0.96 
-0.40 -0.29 -0.15 0.02 0.77 0.96 
-0.40 -0.29 -0.15 0.02 0.77 0.96 
0.00 0.00 -0.15 0.02 0.77 0.96 
-0.15 -0.48 -0.15 0.02 0.77 0.96 
-0.15 -0.48 -0.15 0.02 0.77 0.96 
0.00 0.00 -0.15 0.02 0.77 0.96 
0.15 -0.48 -0.15 0.02 0.77 0.96 
0.15 -0.48 -0.15 0.02 0.77 0.96 
0.00 0.00 -0.15 0.02 0.77 0.96 
0.40 -0.29 -0.15 0.02 0.77 0.96 
0.40 -0.29 -0.15 0.02 0.77 0.96 
0.00 0.00 -0.15 0.02 0.77 0.96 
0.50 0.00 -0.15 0.02 0.77 0.96 
0.50 0.00 0.15 0.39 0.96 0.62 
0.40 0.29 0.15 0.39 0.96 0.62 
0.50 0.00 -0.15 0.39 0.96 0.62 
0.50 0.00 -0.15 0.39 0.96 0.62 
0.40 0.29 -0.15 0.39 0.96 0.62 
0.40 0.29 0.15 0.39 0.96 0.62 
0.40 0.29 0.15 0.99 0.66 0.33 
0.15 0.48 0.15 0.99 0.66 0.33 
0.40 0.29 -0.15 0.99 0.66 0.33 
0.40 0.29 -0.15 0.99 0.66 0.33 
0.15 0.48 -0.15 0.99 0.66 0.33 
0.15 0.48 0.15 0.99 0.66 0.33 
0.15 0.48 0.15 0.92 0.33 0.29 
-0.15 0.48 0.15 0.92 0.33 0.29 
0.15 0.48 -0.15 0.92 0.33 0.29 
0.15 0.48 -0.15 0.92 0.33 0.29 
-0.15 0.48 -0.15 0.92 0.33 0.29 
-0.15 0.48 0.15 0.92 0.33 0.29 
-0.15 0.48 0.15 0.99 0.02 0.54 
-0.40 0.29 0.15 0.99 0.02 0.54 
-0.15 0.48 -0.15 0.99 0.02 0.54 
-0.15 0.48 -0.15 0.99 0.02 0.54 
-0.40 0.29 -0.15 0.99 0.02 0.54 
-0.40 0.29 0.15 0.99 0.02 0.54 
-0.40 0.29 0.15 0.91 0.36 0.31 
-0.50 0.00 0.15 0.91 0.36 0.31 
-0.40 0.29 -0.15 0.91 0.36 0.31 
-0.40 0.29 -0.15 0.91 0.36 0.31 
-0.50 0.00 -0.15 0.91 0.36 0.31 
-0.50 0.00 0.15 0.91 0.36 0.31 
-0.50 0.00 0.15 0.23 0.25 0.92 
-0.40 -0.29 0.15 0.23 0.25 0.92 
-0.50 0.00 -0.15 0.23 0.25 0.92 
-0.50 0.00 -0.15 0.23 0.25 0.92 
-0.40 -0.29 -0.15 0.23 0.25 0.92 
-0.40 -0.29 0.15 0.23 0.25 0.92 
-0.40 -0.29 0.15 0.33 0.10 0.41 
-0.15 -0.48 0.15 0.33 0.10 0.41 
-0.40 -0.29 -0.15 0.33 0.10 0.41 
-0.40 -0.29 -0.15 0.33 0.10 0.41 
-0.15 -0.48 -0.15 0.33 0.10 0.41 
-0.15 -0.48 0.15 0.33 0.10 0.41 
-0.15 -0.48 0.15 0.18 0.46 0.21 
0.15 -0.48 0.15 0.18 0.46 0.21 
-0.15 -0.48 -0.15 0.18 0.46 0.21 
-0.15 -0.48 -0.15 0.18 0.46 0.21 
0.15 -0.48 -0.15 0.18 0.46 0.21 
0.15 -0.48 0.15 0.18 0.46 0.21 
0.15 -0.48 0.15 0.35 0.09 0.05 
0.40 -0.29 0.15 0.35 0.09 0.05 
0.15 -0.48 -0.15 0.35 0.09 0.05 
0.15 -0.48 -0.15 0.35 0.09 0.05 
0.40 -0.29 -0.15 0.35 0.09 0.05 
0.40 -0.29 0.15 0.35 0.09 0.05 
0.40 -0.29 0.15 0.07 0.99 0.76 
0.50 0.00 0.15 0.07 0.99 0.76 
0.40 -0.29 -0.15 0.07 0.99 0.76 
0.40 -0.29 -0.15 0.07 0.99 0.76 
0.50 0.00 -0.15 0.07 0.99 0.76 
0.50 0.00 0.15 0.07 0.99 0.76 
