36 6
0.50 0.00 0.00 0.68 0.01 0.05 
0.00 0.00 0.50 0.68 0.01 0.05 
0.25 0.43 0.00 0.68 0.01 0.05 
0.25 0.43 0.00 0.94 0.75 0.37 
0.00 0.00 0.50 0.94 0.75 0.37 
-0.25 0.43 0.00 0.94 0.75 0.37 
-0.25 0.43 0.00 0.75 0.30 0.69 
0.00 0.00 0.50 0.75 0.30 0.69 
-0.50 0.00 0.00 0.75 0.30 0.69 
-0.50 0.00 0.00 0.38 0.32 0.94 
0.00 0.00 0.50 0.38 0.32 0.94 
-0.25 -0.43 0.00 0.38 0.32 0.94 
-0.25 -0.43 0.00 0.84 0.68 0.60 
0.00 0.00 0.50 0.84 0.68 0.60 
0.25 -0.43 0.00 0.84 0.68 0.60 
0.25 -0.43 0.00 0.75 0.14 0.26 
0.00 0.00 0.50 0.75 0.14 0.26 
0.50 0.00 0.00 0.75 0.14 0.26 
0.50 0.00 0.00 0.78 0.29 0.30 
0.00 0.00 -0.50 0.78 0.29 0.30 
0.25 0.43 0.00 0.78 0.29 0.30 
0.25 0.43 0.00 0.72 0.21 0.96 
0.00 0.00 -0.50 0.72 0.21 0.96 
-0.25 0.43 0.00 0.72 0.21 0.96 
-0.25 0.43 0.00 0.40 0.34 0.49 
0.00 0.00 -0.50 0.40 0.34 0.49 
-0.50 0.00 0.00 0.40 0.34 0.49 
-0.50 0.00 0.00 0.15 0.52 0.88 
0.00 0.00 -0.50 0.15 0.52 0.88 
-0.25 -0.43 0.00 0.15 0.52 0.88 
-0.25 -0.43 0.00 0.42 0.35 0.13 
0.00 0.00 -0.50 0.42 0.35 0.13 
0.25 -0.43 0.00 0.42 0.35 0.13 
0.25 -0.43 0.00 0.97 0.15 0.66 
0.00 0.00 -0.50 0.97 0.15 0.66 
0.50 0.00 0.00 0.97 0.15 0.66 
