120 5
0.50 0.00 0.15 0.00 0.00 
0.00 0.00 0.15 0.50 1.00 
0.40 0.29 0.15 1.00 0.00 
0.40 0.29 0.15 0.00 0.00 
0.00 0.00 0.15 0.50 1.00 
0.15 0.48 0.15 1.00 0.00 
0.15 0.48 0.15 0.00 0.00 
0.00 0.00 0.15 0.50 1.00 
-0.15 0.48 0.15 1.00 0.00 
-0.15 0.48 0.15 0.00 0.00 
0.00 0.00 0.15 0.50 1.00 
-0.40 0.29 0.15 1.00 0.00 
-0.40 0.29 0.15 0.00 0.00 
0.00 0.00 0.15 0.50 1.00 
-0.50 0.00 0.15 1.00 0.00 
-0.50 0.00 0.15 0.00 0.00 
0.00 0.00 0.15 0.50 1.00 
-0.40 -0.29 0.15 1.00 0.00 
-0.40 -0.29 0.15 0.00 0.00 
0.00 0.00 0.15 0.50 1.00 
-0.15 -0.48 0.15 1.00 0.00 
-0.15 -0.48 0.15 0.00 0.00 
0.00 0.00 0.15 0.50 1.00 
0.15 -0.48 0.15 1.00 0.00 
0.15 -0.48 0.15 0.00 0.00 
0.00 0.00 0.15 0.50 1.00 
0.40 -0.29 0.15 1.00 0.00 
0.40 -0.29 0.15 0.00 0.00 
0.00 0.00 0.15 0.50 1.00 
0.50 0.00 0.15 1.00 0.00 
0.50 0.00 -0.15 0.00 0.00 
0.00 0.00 -0.15 0.50 1.00 
0.40 0.29 -0.15 1.00 0.00 
0.40 0.29 -0.15 0.00 0.00 
0.00 0.00 -0.15 0.50 1.00 
0.15 0.48 -0.15 1.00 0.00 
0.15 0.48 -0.15 0.00 0.00 
0.00 0.00 -0.15 0.50 1.00 
-0.15 0.48 -0.15 1.00 0.00 
-0.15 0.48 -0.15 0.00 0.00 
0.00 0.00 -0.15 0.50 1.00 
-0.40 0.29 -0.15 1.00 0.00 
-0.40 0.29 -0.15 0.00 0.00 
0.00 0.00 -0.15 0.50 1.00 
-0.50 0.00 -0.15 1.00 0.00 
-0.50 0.00 -0.15 0.00 0.00 
0.00 0.00 -0.15 0.50 1.00 
-0.40 -0.29 -0.15 1.00 0.00 
-0.40 -0.29 -0.15 0.00 0.00 
0.00 0.00 -0.15 0.50 1.00 
-0.15 -0.48 -0.15 1.00 0.00 
-0.15 -0.48 -0.15 0.00 0.00 
0.00 0.00 -0.15 0.50 1.00 
0.15 -0.48 -0.15 1.00 0.00 
0.15 -0.48 -0.15 0.00 0.00 
0.00 0.00 -0.15 0.50 1.00 
0.40 -0.29 -0.15 1.00 0.00 
0.40 -0.29 -0.15 0.00 0.00 
0.00 0.00 -0.15 0.50 1.00 
0.50 0.00 -0.15 1.00 0.00 
0.50 0.00 0.15 0.00 0.00 
0.40 0.29 0.15 0.50 1.00 
0.50 0.00 -0.15 1.00 0.00 
0.50 0.00 -0.15 0.00 0.00 
0.40 0.29 -0.15 0.50 1.00 
0.40 0.29 0.15 1.00 0.00 
0.40 0.29 0.15 0.00 0.00 
0.15 0.48 0.15 0.50 1.00 
0.40 0.29 -0.15 1.00 0.00 
0.40 0.29 -0.15 0.00 0.00 
0.15 0.48 -0.15 0.50 1.00 
0.15 0.48 0.15 1.00 0.00 
0.15 0.48 0.15 0.00 0.00 
-0.15 0.48 0.15 0.50 1.00 
0.15 0.48 -0.15 1.00 0.00 
0.15 0.48 -0.15 0.00 0.00 
-0.15 0.48 -0.15 0.50 1.00 
-0.15 0.48 0.15 1.00 0.00 
-0.15 0.48 0.15 0.00 0.00 
-0.40 0.29 0.15 0.50 1.00 
-0.15 0.48 -0.15 1.00 0.00 
-0.15 0.48 -0.15 0.00 0.00 
-0.40 0.29 -0.15 0.50 1.00 
-0.40 0.29 0.15 1.00 0.00 
-0.40 0.29 0.15 0.00 0.00 
-0.50 0.00 0.15 0.50 1.00 
-0.40 0.29 -0.15 1.00 0.00 
-0.40 0.29 -0.15 0.00 0.00 
-0.50 0.00 -0.15 0.50 1.00 
-0.50 0.00 0.15 1.00 0.00 
-0.50 0.00 0.15 0.00 0.00 
-0.40 -0.29 0.15 0.50 1.00 
-0.50 0.00 -0.15 1.00 0.00 
-0.50 0.00 -0.15 0.00 0.00 
-0.40 -0.29 -0.15 0.50 1.00 
-0.40 -0.29 0.15 1.00 0.00 
-0.40 -0.29 0.15 0.00 0.00 
-0.15 -0.48 0.15 0.50 1.00 
-0.40 -0.29 -0.15 1.00 0.00 
-0.40 -0.29 -0.15 0.00 0.00 
-0.15 -0.48 -0.15 0.50 1.00 
-0.15 -0.48 0.15 1.00 0.00 
-0.15 -0.48 0.15 0.00 0.00 
0.15 -0.48 0.15 0.50 1.00 
-0.15 -0.48 -0.15 1.00 0.00 
-0.15 -0.48 -0.15 0.00 0.00 
0.15 -0.48 -0.15 0.50 1.00 
0.15 -0.48 0.15 1.00 0.00 
0.15 -0.48 0.15 0.00 0.00 
0.40 -0.29 0.15 0.50 1.00 
0.15 -0.48 -0.15 1.00 0.00 
0.15 -0.48 -0.15 0.00 0.00 
0.40 -0.29 -0.15 0.50 1.00 
0.40 -0.29 0.15 1.00 0.00 
0.40 -0.29 0.15 0.00 0.00 
0.50 0.00 0.15 0.50 1.00 
0.40 -0.29 -0.15 1.00 0.00 
0.40 -0.29 -0.15 0.00 0.00 
0.50 0.00 -0.15 0.50 1.00 
0.50 0.00 0.15 1.00 0.00 
