66 6
0.50 0.00 -0.50 0.91 0.32 0.72 
0.00 0.00 -0.50 0.91 0.32 0.72 
0.42 0.27 -0.50 0.91 0.32 0.72 
0.42 0.27 -0.50 0.91 0.32 0.72 
0.00 0.00 -0.50 0.91 0.32 0.72 
0.21 0.45 -0.50 0.91 0.32 0.72 
0.21 0.45 -0.50 0.91 0.32 0.72 
0.00 0.00 -0.50 0.91 0.32 0.72 
-0.07 0.49 -0.50 0.91 0.32 0.72 
-0.07 0.49 -0.50 0.91 0.32 0.72 
0.00 0.00 -0.50 0.91 0.32 0.72 
-0.33 0.38 -0.50 0.91 0.32 0.72 
-0.33 0.38 -0.50 0.91 0.32 0.72 
0.00 0.00 -0.50 0.91 0.32 0.72 
-0.48 0.14 -0.50 0.91 0.32 0.72 
-0.48 0.14 -0.50 0.91 0.32 0.72 
0.00 0.00 -0.50 0.91 0.32 0.72 
-0.48 -0.14 -0.50 0.91 0.32 0.72 
-0.48 -0.14 -0.50 0.91 0.32 0.72 
0.00 0.00 -0.50 0.91 0.32 0.72 
-0.33 -0.38 -0.50 0.91 0.32 0.72 
-0.33 -0.38 -0.50 0.91 0.32 0.72 
0.00 0.00 -0.50 0.91 0.32 0.72 
-0.07 -0.49 -0.50 0.91 0.32 0.72 
-0.07 -0.49 -0.50 0.91 0.32 0.72 
0.00 0.00 -0.50 0.91 0.32 0.72 
0.21 -0.45 -0.50 0.91 0.32 0.72 
0.21 -0.45 -0.50 0.91 0.32 0.72 
0.00 0.00 -0.50 0.91 0.32 0.72 
0.42 -0.27 -0.50 0.91 0.32 0.72 
0.42 -0.27 -0.50 0.91 0.32 0.72 
0.00 0.00 -0.50 0.91 0.32 0.72 
0.50 0.00 -0.50 0.91 0.32 0.72 
0.50 0.00 -0.50 0.96 0.21 0.90 
0.00 0.00 0.50 0.96 0.21 0.90 
0.42 0.27 -0.50 0.96 0.21 0.90 
0.42 0.27 -0.50 0.16 0.59 0.28 
0.00 0.00 0.50 0.16 0.59 0.28 
0.21 0.45 -0.50 0.16 0.59 0.28 
0.21 0.45 -0.50 0.36 0.38 0.92 
0.00 0.00 0.50 0.36 0.38 0.92 
-0.07 0.49 -0.50 0.36 0.38 0.92 
-0.07 0.49 -0.50 0.87 0.60 0.88 
0.00 0.00 0.50 0.87 0.60 0.88 
-0.33 0.38 -0.50 0.87 0.60 0.88 
-0.33 0.38 -0.50 0.29 0.27 0.83 
0.00 0.00 0.50 0.29 0.27 0.83 
-0.48 0.14 -0.50 0.29 0.27 0.83 
-0.48 0.14 -0.50 0.63 0.39 1.00 
0.00 0.00 0.50 0.63 0.39 1.00 
-0.48 -0.14 -0.50 0.63 0.39 1.00 
-0.48 -0.14 -0.50 0.48 0.15 0.71 
0.00 0.00 0.50 0.48 0.15 0.71 
-0.33 -0.38 -0.50 0.48 0.15 0.71 
-0.33 -0.38 -0.50 0.98 0.99 0.24 
0.00 0.00 0.50 0.98 0.99 0.24 
-0.07 -0.49 -0.50 0.98 0.99 0.24 
-0.07 -0.49 -0.50 0.30 0.24 0.38 
0.00 0.00 0.50 0.30 0.24 0.38 
0.21 -0.45 -0.50 0.30 0.24 0.38 
0.21 -0.45 -0.50 0.26 0.34 0.96 
0.00 0.00 0.50 0.26 0.34 0.96 
0.42 -0.27 -0.50 0.26 0.34 0.96 
0.42 -0.27 -0.50 0.68 0.02 0.11 
0.00 0.00 0.50 0.68 0.02 0.11 
0.50 0.00 -0.50 0.68 0.02 0.11 
